0.810699 0.820134
0.813035 0.817824
0.817824 0.813035
0.820134 0.810699
0.820522 0.809741
0.820572 0.807152
0.820484 0.801361
0.819827 0.796319
0.818896 0.792368
0.818217 0.7897
0.816883 0.786278
0.814568 0.781116
0.812586 0.77721
0.809814 0.774197
0.806674 0.770026
0.80408 0.765332
0.801417 0.761157
0.799038 0.7583
0.795805 0.754602
0.792803 0.750432
0.789691 0.74697
0.786407 0.743776
0.783653 0.739708
0.780351 0.73551
0.777671 0.732664
0.776291 0.729416
0.774979 0.72499
0.77367 0.72058
0.772309 0.717345
0.769687 0.714481
0.766473 0.710209
0.763755 0.705793
0.760715 0.702183
0.758252 0.699041
0.755866 0.694614
0.753597 0.689213
0.750839 0.68374
0.749258 0.68119
0.748768 0.679739
0.748097 0.676747
0.746618 0.670745
0.745542 0.664898
0.744953 0.659773
0.744451 0.6547
0.744008 0.65012
0.743078 0.64566
0.741223 0.641024
0.739681 0.637247
0.738301 0.633159
0.737794 0.629943
0.738061 0.626354
0.739027 0.621298
0.740406 0.617215
0.742038 0.613283
0.742784 0.609888
0.743214 0.605957
0.743943 0.600369
0.74449 0.594861
0.744731 0.589952
0.744822 0.585082
0.744902 0.580045
0.745016 0.57501
0.745117 0.569968
0.745163 0.564927
0.74521 0.560031
0.745343 0.555121
0.745578 0.549867
0.745829 0.544589
0.74601 0.540047
0.746378 0.53545
0.747125 0.529606
0.747701 0.523671
0.747916 0.520013
0.74817 0.516285
0.748637 0.509812
0.748789 0.503294
0.748789 0.5
0.748789 0.496706
0.748637 0.490188
0.74817 0.483715
0.747916 0.479987
0.747701 0.476329
0.747125 0.470394
0.746378 0.46455
0.74601 0.459953
0.745829 0.455411
0.745578 0.450133
0.745343 0.444879
0.74521 0.439969
0.745163 0.435073
0.745117 0.430032
0.745016 0.42499
0.744902 0.419955
0.744822 0.414918
0.744731 0.410048
0.74449 0.405139
0.743943 0.399631
0.743214 0.394043
0.742784 0.390112
0.742038 0.386717
0.740406 0.382785
0.739027 0.378702
0.738061 0.373646
0.737794 0.370057
0.738301 0.366841
0.739681 0.362753
0.741223 0.358976
0.743078 0.35434
0.744008 0.34988
0.744451 0.3453
0.744953 0.340227
0.745542 0.335102
0.746618 0.329255
0.748097 0.323253
0.748768 0.320261
0.749258 0.31881
0.750839 0.31626
0.753597 0.310787
0.755866 0.305386
0.758252 0.300959
0.760715 0.297817
0.763755 0.294207
0.766473 0.289791
0.769687 0.285519
0.772309 0.282655
0.77367 0.27942
0.774979 0.27501
0.776291 0.270584
0.777671 0.267336
0.780351 0.26449
0.783653 0.260292
0.786407 0.256224
0.789691 0.25303
0.792803 0.249568
0.795805 0.245398
0.799038 0.2417
0.801417 0.238843
0.80408 0.234668
0.806674 0.229974
0.809814 0.225803
0.812586 0.22279
0.814568 0.218884
0.816883 0.213722
0.818217 0.2103
0.818896 0.207632
0.819827 0.203681
0.820484 0.198639
0.820572 0.192848
0.820522 0.190259
0.820134 0.189301
0.817824 0.186965
0.813035 0.182176
0.810699 0.179866
0.809741 0.179478
0.807152 0.179428
0.801361 0.179516
0.796319 0.180173
0.792368 0.181104
0.7897 0.181783
0.786278 0.183117
0.781116 0.185432
0.77721 0.187414
0.774197 0.190186
0.770026 0.193326
0.765332 0.19592
0.761157 0.198583
0.7583 0.200962
0.754602 0.204195
0.750432 0.207197
0.74697 0.210309
0.743776 0.213593
0.739708 0.216347
0.73551 0.219649
0.732664 0.222329
0.729416 0.223709
0.72499 0.225021
0.72058 0.22633
0.717345 0.227691
0.714481 0.230313
0.710209 0.233527
0.705793 0.236245
0.702183 0.239285
0.699041 0.241748
0.694614 0.244134
0.689213 0.246403
0.68374 0.249161
0.68119 0.250742
0.679739 0.251232
0.676747 0.251903
0.670745 0.253382
0.664898 0.254458
0.659773 0.255047
0.6547 0.255549
0.65012 0.255992
0.64566 0.256922
0.641024 0.258777
0.637247 0.260319
0.633159 0.261699
0.629943 0.262206
0.626354 0.261939
0.621298 0.260973
0.617215 0.259594
0.613283 0.257962
0.609888 0.257216
0.605957 0.256786
0.600369 0.256057
0.594861 0.25551
0.589952 0.255269
0.585082 0.255178
0.580045 0.255098
0.57501 0.254984
0.569968 0.254883
0.564927 0.254837
0.560031 0.25479
0.555121 0.254657
0.549867 0.254422
0.544589 0.254171
0.540047 0.25399
0.53545 0.253622
0.529606 0.252875
0.523671 0.252299
0.520013 0.252084
0.516285 0.25183
0.509812 0.251363
0.503294 0.251211
0.5 0.251211
0.496706 0.251211
0.490188 0.251363
0.483715 0.25183
0.479987 0.252084
0.476329 0.252299
0.470394 0.252875
0.46455 0.253622
0.459953 0.25399
0.455411 0.254171
0.450133 0.254422
0.444879 0.254657
0.439969 0.25479
0.435073 0.254837
0.430032 0.254883
0.42499 0.254984
0.419955 0.255098
0.414918 0.255178
0.410048 0.255269
0.405139 0.25551
0.399631 0.256057
0.394043 0.256786
0.390112 0.257216
0.386717 0.257962
0.382785 0.259594
0.378702 0.260973
0.373646 0.261939
0.370057 0.262206
0.366841 0.261699
0.362753 0.260319
0.358976 0.258777
0.35434 0.256922
0.34988 0.255992
0.3453 0.255549
0.340227 0.255047
0.335102 0.254458
0.329255 0.253382
0.323253 0.251903
0.320261 0.251232
0.31881 0.250742
0.31626 0.249161
0.310787 0.246403
0.305386 0.244134
0.300959 0.241748
0.297817 0.239285
0.294207 0.236245
0.289791 0.233527
0.285519 0.230313
0.282655 0.227691
0.27942 0.22633
0.27501 0.225021
0.270584 0.223709
0.267336 0.222329
0.26449 0.219649
0.260292 0.216347
0.256224 0.213593
0.25303 0.210309
0.249568 0.207197
0.245398 0.204195
0.2417 0.200962
0.238843 0.198583
0.234668 0.19592
0.229974 0.193326
0.225803 0.190186
0.22279 0.187414
0.218884 0.185432
0.213722 0.183117
0.2103 0.181783
0.207632 0.181104
0.203681 0.180173
0.198639 0.179516
0.192848 0.179428
0.190259 0.179478
0.189301 0.179866
0.186965 0.182176
0.182176 0.186965
0.179866 0.189301
0.179478 0.190259
0.179428 0.192848
0.179516 0.198639
0.180173 0.203681
0.181104 0.207632
0.181783 0.2103
0.183117 0.213722
0.185432 0.218884
0.187414 0.22279
0.190186 0.225803
0.193326 0.229974
0.19592 0.234668
0.198583 0.238843
0.200962 0.2417
0.204195 0.245398
0.207197 0.249568
0.210309 0.25303
0.213593 0.256224
0.216347 0.260292
0.219649 0.26449
0.222329 0.267336
0.223709 0.270584
0.225021 0.27501
0.22633 0.27942
0.227691 0.282655
0.230313 0.285519
0.233527 0.289791
0.236245 0.294207
0.239285 0.297817
0.241748 0.300959
0.244134 0.305386
0.246403 0.310787
0.249161 0.31626
0.250742 0.31881
0.251232 0.320261
0.251903 0.323253
0.253382 0.329255
0.254458 0.335102
0.255047 0.340227
0.255549 0.3453
0.255992 0.34988
0.256922 0.35434
0.258777 0.358976
0.260319 0.362753
0.261699 0.366841
0.262206 0.370057
0.261939 0.373646
0.260973 0.378702
0.259594 0.382785
0.257962 0.386717
0.257216 0.390112
0.256786 0.394043
0.256057 0.399631
0.25551 0.405139
0.255269 0.410048
0.255178 0.414918
0.255098 0.419955
0.254984 0.42499
0.254883 0.430032
0.254837 0.435073
0.25479 0.439969
0.254657 0.444879
0.254422 0.450133
0.254171 0.455411
0.25399 0.459953
0.253622 0.46455
0.252875 0.470394
0.252299 0.476329
0.252084 0.479987
0.25183 0.483715
0.251363 0.490188
0.251211 0.496706
0.251211 0.5
0.251211 0.503294
0.251363 0.509812
0.25183 0.516285
0.252084 0.520013
0.252299 0.523671
0.252875 0.529606
0.253622 0.53545
0.25399 0.540047
0.254171 0.544589
0.254422 0.549867
0.254657 0.555121
0.25479 0.560031
0.254837 0.564927
0.254883 0.569968
0.254984 0.57501
0.255098 0.580045
0.255178 0.585082
0.255269 0.589952
0.25551 0.594861
0.256057 0.600369
0.256786 0.605957
0.257216 0.609888
0.257962 0.613283
0.259594 0.617215
0.260973 0.621298
0.261939 0.626354
0.262206 0.629943
0.261699 0.633159
0.260319 0.637247
0.258777 0.641024
0.256922 0.64566
0.255992 0.65012
0.255549 0.6547
0.255047 0.659773
0.254458 0.664898
0.253382 0.670745
0.251903 0.676747
0.251232 0.679739
0.250742 0.68119
0.249161 0.68374
0.246403 0.689213
0.244134 0.694614
0.241748 0.699041
0.239285 0.702183
0.236245 0.705793
0.233527 0.710209
0.230313 0.714481
0.227691 0.717345
0.22633 0.72058
0.225021 0.72499
0.223709 0.729416
0.222329 0.732664
0.219649 0.73551
0.216347 0.739708
0.213593 0.743776
0.210309 0.74697
0.207197 0.750432
0.204195 0.754602
0.200962 0.7583
0.198583 0.761157
0.19592 0.765332
0.193326 0.770026
0.190186 0.774197
0.187414 0.77721
0.185432 0.781116
0.183117 0.786278
0.181783 0.7897
0.181104 0.792368
0.180173 0.796319
0.179516 0.801361
0.179428 0.807152
0.179478 0.809741
0.179866 0.810699
0.182176 0.813035
0.186965 0.817824
0.189301 0.820134
0.190259 0.820522
0.192848 0.820572
0.198639 0.820484
0.203681 0.819827
0.207632 0.818896
0.2103 0.818217
0.213722 0.816883
0.218884 0.814568
0.22279 0.812586
0.225803 0.809814
0.229974 0.806674
0.234668 0.80408
0.238843 0.801417
0.2417 0.799038
0.245398 0.795805
0.249568 0.792803
0.25303 0.789691
0.256224 0.786407
0.260292 0.783653
0.26449 0.780351
0.267336 0.777671
0.270584 0.776291
0.27501 0.774979
0.27942 0.77367
0.282655 0.772309
0.285519 0.769687
0.289791 0.766473
0.294207 0.763755
0.297817 0.760715
0.300959 0.758252
0.305386 0.755866
0.310787 0.753597
0.31626 0.750839
0.31881 0.749258
0.320261 0.748768
0.323253 0.748097
0.329255 0.746618
0.335102 0.745542
0.340227 0.744953
0.3453 0.744451
0.34988 0.744008
0.35434 0.743078
0.358976 0.741223
0.362753 0.739681
0.366841 0.738301
0.370057 0.737794
0.373646 0.738061
0.378702 0.739027
0.382785 0.740406
0.386717 0.742038
0.390112 0.742784
0.394043 0.743214
0.399631 0.743943
0.405139 0.74449
0.410048 0.744731
0.414918 0.744822
0.419955 0.744902
0.42499 0.745016
0.430032 0.745117
0.435073 0.745163
0.439969 0.74521
0.444879 0.745343
0.450133 0.745578
0.455411 0.745829
0.459953 0.74601
0.46455 0.746378
0.470394 0.747125
0.476329 0.747701
0.479987 0.747916
0.483715 0.74817
0.490188 0.748637
0.496706 0.748789
0.5 0.748789
0.503294 0.748789
0.509812 0.748637
0.516285 0.74817
0.520013 0.747916
0.523671 0.747701
0.529606 0.747125
0.53545 0.746378
0.540047 0.74601
0.544589 0.745829
0.549867 0.745578
0.555121 0.745343
0.560031 0.74521
0.564927 0.745163
0.569968 0.745117
0.57501 0.745016
0.580045 0.744902
0.585082 0.744822
0.589952 0.744731
0.594861 0.74449
0.600369 0.743943
0.605957 0.743214
0.609888 0.742784
0.613283 0.742038
0.617215 0.740406
0.621298 0.739027
0.626354 0.738061
0.629943 0.737794
0.633159 0.738301
0.637247 0.739681
0.641024 0.741223
0.64566 0.743078
0.65012 0.744008
0.6547 0.744451
0.659773 0.744953
0.664898 0.745542
0.670745 0.746618
0.676747 0.748097
0.679739 0.748768
0.68119 0.749258
0.68374 0.750839
0.689213 0.753597
0.694614 0.755866
0.699041 0.758252
0.702183 0.760715
0.705793 0.763755
0.710209 0.766473
0.714481 0.769687
0.717345 0.772309
0.72058 0.77367
0.72499 0.774979
0.729416 0.776291
0.732664 0.777671
0.73551 0.780351
0.739708 0.783653
0.743776 0.786407
0.74697 0.789691
0.750432 0.792803
0.754602 0.795805
0.7583 0.799038
0.761157 0.801417
0.765332 0.80408
0.770026 0.806674
0.774197 0.809814
0.77721 0.812586
0.781116 0.814568
0.786278 0.816883
0.7897 0.818217
0.792368 0.818896
0.796319 0.819827
0.801361 0.820484
0.807152 0.820572
0.809741 0.820522
0.810699 0.820134
