# iter  f  Q11  Q22  Q12  Q33  nu_yx  bH
1 -0.0502248 0.0432651 0.0432651 0.0189993 0.010443 0.439137 1
2 -0.0522486 0.0616473 0.0616473 0.02666 0.0142307 0.432459 1
3 -0.0378509 0.060636 0.060636 0.0242403 0.0127568 0.399768 1
4 -0.0275411 0.0588992 0.0588992 0.0207092 0.0112958 0.351603 1
5 -0.0215018 0.0569574 0.0569574 0.0158258 0.00933091 0.277854 1
6 -0.0176734 0.0566123 0.0566123 0.0120077 0.00774415 0.212105 1
7 -0.0149947 0.0587269 0.0587269 0.00963711 0.00644763 0.1641 1
8 -0.0127132 0.06213 0.06213 0.00813415 0.00523469 0.130922 1
9 -0.01057 0.0654843 0.0654843 0.00700826 0.00413834 0.107022 1
10 -0.00887643 0.0691795 0.0691795 0.00597975 0.00337272 0.0864382 1
11 -0.00753307 0.0720804 0.0720804 0.00485025 0.00295535 0.0672894 1
12 -0.00658982 0.0736493 0.0736493 0.00353246 0.00277615 0.0479633 1
13 -0.00613561 0.0743134 0.0743134 0.00203524 0.00274594 0.0273872 1
14 -0.00615127 0.0743721 0.0743721 0.000390562 0.00281113 0.00525146 1
15 -0.00660925 0.0738585 0.0738585 -0.00141192 0.00299841 -0.0191165 1
16 -0.00748653 0.0724499 0.0724499 -0.00340796 0.00317209 -0.0470389 1
17 -0.00840105 0.0686343 0.0686343 -0.00531003 0.00333159 -0.0773671 1
18 -0.00938412 0.0662278 0.0662278 -0.00699801 0.00345756 -0.105666 1
19 -0.010341 0.0634057 0.0634057 -0.0085135 0.00354886 -0.13427 1
20 -0.0112231 0.0614853 0.0614853 -0.00980539 0.00358743 -0.159475 1
21 -0.0120235 0.0601489 0.0601489 -0.0109139 0.00359637 -0.181448 1
22 -0.0127519 0.0581416 0.0581416 -0.0118939 0.00359077 -0.204568 1
23 -0.013399 0.0597495 0.0597495 -0.0126936 0.00350881 -0.212447 1
24 -0.0138472 0.0554734 0.0554734 -0.0133232 0.00348826 -0.240174 1
25 -0.0143555 0.058885 0.058885 -0.0139106 0.00331602 -0.236233 1
26 -0.0146913 0.0549856 0.0549856 -0.0143589 0.00328041 -0.26114 1
27 -0.0150757 0.0588001 0.0588001 -0.0147914 0.00312102 -0.251554 1
28 -0.0153196 0.0548935 0.0548935 -0.0151072 0.00310116 -0.27521 1
29 -0.015617 0.0588897 0.0588897 -0.0154347 0.00297731 -0.262095 1
30 -0.0158161 0.0548515 0.0548515 -0.0156803 0.00296833 -0.285867 1
31 -0.01606 0.0589001 0.0589001 -0.0159433 0.00286942 -0.270684 1
32 -0.0161822 0.0548134 0.0548134 -0.0160953 0.00288594 -0.293638 1
33 -0.0163636 0.0589497 0.0589497 -0.0162889 0.00281531 -0.276319 1
34 -0.0164256 0.0548864 0.0548864 -0.0163699 0.00284771 -0.298251 1
35 -0.0165581 0.0590683 0.0590683 -0.0165102 0.00279532 -0.279511 1
36 -0.0165901 0.0549596 0.0549596 -0.0165544 0.00283653 -0.30121 1
37 -0.0166901 0.0591626 0.0591626 -0.0166594 0.00279633 -0.281587 1
38 -0.0166813 0.0550482 0.0550482 -0.0166584 0.00284754 -0.302615 1
39 -0.0167634 0.0592873 0.0592873 -0.0167437 0.00281199 -0.282416 1
40 -0.0167359 0.0551772 0.0551772 -0.0167213 0.00286326 -0.303047 1
41 -0.0173143 0.0494704 0.0494704 -0.0173038 0.0023776 -0.349781 2
42 -0.0177898 0.0545311 0.0545311 -0.0177806 0.00235217 -0.326063 2
43 -0.0178352 0.0579112 0.0579112 -0.0178273 0.00233682 -0.307839 2
44 -0.0177652 0.0526781 0.0526781 -0.0177595 0.00239299 -0.337132 2
45 -0.0178918 0.0580006 0.0580006 -0.0178868 0.00234489 -0.308389 2
46 -0.0178061 0.0527402 0.0527402 -0.0178024 0.00240094 -0.33755 2
47 -0.0179405 0.0580629 0.0580629 -0.0179372 0.00235163 -0.308928 2
48 -0.0178395 0.0527675 0.0527675 -0.0178371 0.00240536 -0.338033 2
49 -0.0179783 0.0580622 0.0580622 -0.0179762 0.002355 -0.309602 2
50 -0.0178673 0.0527694 0.0527694 -0.0178658 0.0024063 -0.338563 2
51 -0.0180171 0.0580264 0.0580264 -0.0180157 0.00235582 -0.310475 2
52 -0.0178983 0.052831 0.052831 -0.0178973 0.00240309 -0.338766 2
53 -0.0180495 0.0580642 0.0580642 -0.0180487 0.00235271 -0.31084 2
54 -0.017928 0.0529011 0.0529011 -0.0179274 0.0023976 -0.338886 2
55 -0.0180764 0.0581034 0.0581034 -0.0180759 0.00234601 -0.311099 2
56 -0.0179543 0.052928 0.052928 -0.0179539 0.00238848 -0.339213 2
57 -0.0181016 0.0581311 0.0581311 -0.0181012 0.00233678 -0.311386 2
58 -0.0179799 0.0529547 0.0529547 -0.0179796 0.00237844 -0.339528 2
59 -0.0181263 0.0581601 0.0581601 -0.0181261 0.00232654 -0.311658 2
60 -0.018005 0.0529817 0.0529817 -0.0180048 0.00236774 -0.339831 2
61 -0.0181488 0.0581888 0.0581888 -0.0181487 0.0023165 -0.311893 2
62 -0.0180255 0.0530228 0.0530228 -0.0180254 0.00235776 -0.339956 2
63 -0.0181649 0.0582129 0.0582129 -0.0181648 0.00230756 -0.31204 2
64 -0.0180435 0.0530608 0.0530608 -0.0180434 0.00234739 -0.340052 2
65 -0.018178 0.0582295 0.0582295 -0.0181779 0.00229796 -0.312177 2
66 -0.0180553 0.053087 0.053087 -0.0180552 0.00233696 -0.340106 2
67 -0.0181857 0.0582338 0.0582338 -0.0181857 0.00228809 -0.312287 2
68 -0.0180647 0.0530973 0.0530973 -0.0180647 0.00232623 -0.340218 2
69 -0.0181929 0.0582351 0.0582351 -0.0181929 0.00227843 -0.312405 2
70 -0.0180734 0.0531012 0.0531012 -0.0180734 0.00231658 -0.340357 2
71 -0.0181997 0.0582305 0.0582305 -0.0181997 0.00226922 -0.312546 2
72 -0.01808 0.0530841 0.0530841 -0.01808 0.00230705 -0.340591 2
73 -0.0182069 0.0582261 0.0582261 -0.0182069 0.00225951 -0.312693 2
74 -0.0180876 0.0530741 0.0530741 -0.0180876 0.00229695 -0.340799 2
75 -0.0182142 0.0582235 0.0582235 -0.0182142 0.00224975 -0.312832 2
76 -0.0180946 0.0530597 0.0530597 -0.0180946 0.00228694 -0.341023 2
77 -0.0182215 0.0582217 0.0582217 -0.0182215 0.00223991 -0.312968 2
78 -0.0181017 0.053046 0.053046 -0.0181017 0.00227682 -0.341246 2
79 -0.018229 0.0582207 0.0582207 -0.018229 0.00222995 -0.313101 2
80 -0.0181091 0.053034 0.053034 -0.0181091 0.0022666 -0.341462 2
81 -0.0186947 0.0456577 0.0456577 -0.0186947 0.00201092 -0.409453 4
82 -0.0205012 0.0543926 0.0543926 -0.0205012 0.00198593 -0.376911 4
83 -0.0206992 0.0621668 0.0621668 -0.0206992 0.00194974 -0.332962 4
84 -0.0203104 0.0531119 0.0531119 -0.0203104 0.00200019 -0.382408 4
85 -0.0207252 0.0622712 0.0622712 -0.0207252 0.00194496 -0.332822 4
86 -0.0203318 0.0531735 0.0531735 -0.0203318 0.0019923 -0.382368 4
87 -0.0207457 0.062312 0.062312 -0.0207457 0.00193666 -0.332932 4
88 -0.0203541 0.0532131 0.0532131 -0.0203541 0.00198404 -0.382501 4
89 -0.0207686 0.0623605 0.0623605 -0.0207686 0.00192928 -0.33304 4
90 -0.0203764 0.0532484 0.0532484 -0.0203764 0.00197634 -0.382667 4
91 -0.0207902 0.0624069 0.0624069 -0.0207902 0.00192361 -0.33314 4
92 -0.0203976 0.0532854 0.0532854 -0.0203976 0.00197061 -0.382799 4
93 -0.0208109 0.0624482 0.0624482 -0.0208109 0.00191907 -0.333251 4
94 -0.0204175 0.0533188 0.0533188 -0.0204175 0.00196541 -0.382932 4
95 -0.020831 0.0624853 0.0624853 -0.020831 0.00191477 -0.333373 4
96 -0.0204373 0.0533498 0.0533498 -0.0204373 0.00196005 -0.383082 4
97 -0.0208507 0.0625183 0.0625183 -0.0208507 0.00191018 -0.333513 4
98 -0.0204572 0.0533781 0.0533781 -0.0204572 0.00195447 -0.38325 4
99 -0.0208697 0.0625464 0.0625464 -0.0208697 0.00190576 -0.333668 4
100 -0.0204764 0.0534053 0.0534053 -0.0204764 0.00195003 -0.383415 4
101 -0.0208874 0.0625685 0.0625685 -0.0208874 0.00190226 -0.333833 4
102 -0.020495 0.0534268 0.0534268 -0.020495 0.00194578 -0.38361 4
103 -0.0209048 0.0625846 0.0625846 -0.0209048 0.00189875 -0.334025 4
104 -0.0205138 0.0534455 0.0534455 -0.0205138 0.00194134 -0.383826 4
105 -0.0209179 0.0625838 0.0625838 -0.0209179 0.00189437 -0.334239 4
106 -0.0205223 0.0534406 0.0534406 -0.0205223 0.00193674 -0.384021 4
107 -0.0209208 0.0625711 0.0625711 -0.0209208 0.00189084 -0.334352 4
108 -0.0205265 0.0534324 0.0534324 -0.0205265 0.00193313 -0.384158 4
109 -0.0209237 0.0625607 0.0625607 -0.0209237 0.00188744 -0.334455 4
110 -0.0205317 0.053423 0.053423 -0.0205317 0.00192924 -0.384324 4
111 -0.0209288 0.0625518 0.0625518 -0.0209288 0.00188349 -0.334584 4
112 -0.0205392 0.0534157 0.0534157 -0.0205392 0.00192476 -0.384516 4
113 -0.0209358 0.062545 0.062545 -0.0209358 0.00187907 -0.334732 4
114 -0.0205485 0.0534102 0.0534102 -0.0205485 0.00191997 -0.384731 4
115 -0.0209456 0.0625415 0.0625415 -0.0209456 0.00187428 -0.334907 4
116 -0.0205617 0.0534078 0.0534078 -0.0205617 0.00191483 -0.384995 4
117 -0.0209616 0.0625476 0.0625476 -0.0209616 0.00186868 -0.335131 4
118 -0.0205822 0.0534108 0.0534108 -0.0205822 0.00190886 -0.385356 4
119 -0.0209841 0.0625597 0.0625597 -0.0209841 0.00186232 -0.335425 4
120 -0.020606 0.0534211 0.0534211 -0.020606 0.0019023 -0.385728 4
121 -0.0244238 0.0640474 0.0640474 -0.0244238 0.00219811 -0.381339 8
122 -0.0241801 0.0777845 0.0777845 -0.0241801 0.00220967 -0.31086 8
123 -0.0239748 0.060519 0.060519 -0.0239748 0.00228515 -0.396153 8
124 -0.0241909 0.0774058 0.0774058 -0.0241909 0.00224476 -0.31252 8
125 -0.0240243 0.0606006 0.0606006 -0.0240243 0.0023279 -0.396437 8
126 -0.024248 0.0774683 0.0774683 -0.024248 0.00227991 -0.313005 8
127 -0.0240702 0.0606778 0.0606778 -0.0240702 0.00236299 -0.396689 8
128 -0.0242903 0.0774929 0.0774929 -0.0242903 0.00230856 -0.313451 8
129 -0.0241063 0.0607372 0.0607372 -0.0241063 0.00239308 -0.396896 8
130 -0.0243231 0.0774965 0.0774965 -0.0243231 0.0023298 -0.313861 8
131 -0.0241392 0.0607859 0.0607859 -0.0241392 0.00241492 -0.397119 8
132 -0.0243576 0.0775222 0.0775222 -0.0243576 0.00234411 -0.314201 8
133 -0.0241696 0.0608231 0.0608231 -0.0241696 0.00243094 -0.397375 8
134 -0.0243875 0.0775286 0.0775286 -0.0243875 0.00235612 -0.314561 8
135 -0.0241966 0.0608549 0.0608549 -0.0241966 0.00243991 -0.397611 8
136 -0.0243991 0.0775119 0.0775119 -0.0243991 0.00236226 -0.314779 8
137 -0.024201 0.0608607 0.0608607 -0.024201 0.00244302 -0.397647 8
138 -0.0243993 0.0774962 0.0774962 -0.0243993 0.00236296 -0.314846 8
139 -0.0242037 0.0608648 0.0608648 -0.0242037 0.00243948 -0.397663 8
140 -0.0244005 0.0774917 0.0774917 -0.0244005 0.00236133 -0.314879 8
141 -0.0242063 0.0608689 0.0608689 -0.0242063 0.00243728 -0.397679 8
142 -0.0244028 0.0774934 0.0774934 -0.0244028 0.00236027 -0.314902 8
143 -0.0242092 0.0608741 0.0608741 -0.0242092 0.00243588 -0.397693 8
144 -0.0244058 0.0774971 0.0774971 -0.0244058 0.00235954 -0.314925 8
145 -0.0242127 0.0608818 0.0608818 -0.0242127 0.00243524 -0.3977 8
146 -0.0244099 0.0775035 0.0775035 -0.0244099 0.00235945 -0.314952 8
147 -0.0242172 0.0608941 0.0608941 -0.0242172 0.00243548 -0.397694 8
148 -0.0244162 0.0775157 0.0775157 -0.0244162 0.0023599 -0.314983 8
149 -0.0242235 0.0609144 0.0609144 -0.0242235 0.00243662 -0.397665 8
150 -0.0244253 0.0775359 0.0775359 -0.0244253 0.00236088 -0.315019 8
151 -0.0242323 0.0609419 0.0609419 -0.0242323 0.00243812 -0.397629 8
152 -0.0244364 0.0775624 0.0775624 -0.0244364 0.0023623 -0.315055 8
153 -0.0242415 0.0609669 0.0609669 -0.0242415 0.00243918 -0.397617 8
154 -0.0244472 0.0775833 0.0775833 -0.0244472 0.00236294 -0.315109 8
155 -0.024251 0.0609881 0.0609881 -0.024251 0.00243946 -0.397635 8
156 -0.0244574 0.0775973 0.0775973 -0.0244574 0.0023627 -0.315184 8
157 -0.0242613 0.0610053 0.0610053 -0.0242613 0.00243894 -0.397691 8
158 -0.0244677 0.0776064 0.0776064 -0.0244677 0.00236166 -0.31528 8
159 -0.0242726 0.0610186 0.0610186 -0.0242726 0.00243755 -0.39779 8
160 -0.0244795 0.0776132 0.0776132 -0.0244795 0.00235979 -0.315404 8
161 -0.0242871 0.0610314 0.0610314 -0.0242871 0.00243544 -0.397944 8
162 -0.0244958 0.0776224 0.0776224 -0.0244958 0.00235677 -0.315576 8
163 -0.0243086 0.0610476 0.0610476 -0.0243086 0.00243224 -0.398191 8
164 -0.0245191 0.0776384 0.0776384 -0.0245191 0.00235268 -0.315811 8
165 -0.0243343 0.0610658 0.0610658 -0.0243343 0.00242843 -0.398493 8
166 -0.0245437 0.0776581 0.0776581 -0.0245437 0.00234845 -0.316048 8
167 -0.0243587 0.0610838 0.0610838 -0.0243587 0.00242466 -0.398775 8
168 -0.0245662 0.0776793 0.0776793 -0.0245662 0.00234475 -0.316251 8
169 -0.0243807 0.0611005 0.0611005 -0.0243807 0.0024203 -0.399027 8
170 -0.0245876 0.0776976 0.0776976 -0.0245876 0.00233981 -0.316452 8
171 -0.0244036 0.0611166 0.0611166 -0.0244036 0.00241512 -0.399295 8
172 -0.024609 0.0777147 0.0777147 -0.024609 0.00233443 -0.316659 8
173 -0.0244267 0.0611321 0.0611321 -0.0244267 0.00240975 -0.399572 8
174 -0.0246305 0.0777312 0.0777312 -0.0246305 0.00232864 -0.316868 8
175 -0.02445 0.0611471 0.0611471 -0.02445 0.00240423 -0.399855 8
176 -0.0246521 0.0777475 0.0777475 -0.0246521 0.00232281 -0.31708 8
177 -0.0244733 0.0611614 0.0611614 -0.0244733 0.00239853 -0.400143 8
178 -0.0246729 0.0777614 0.0777614 -0.0246729 0.00231669 -0.31729 8
179 -0.0244967 0.0611752 0.0611752 -0.0244967 0.00239267 -0.400436 8
180 -0.0246946 0.0777784 0.0777784 -0.0246946 0.00231097 -0.317499 8
