0.916174 0.998955
0.909939 0.99953
0.903636 0.998987
0.898967 0.997107
0.896202 0.993702
0.894518 0.989265
0.893199 0.98481
0.891994 0.981143
0.890634 0.97809
0.88875 0.974794
0.886261 0.970881
0.883357 0.966866
0.880196 0.963205
0.87687 0.959838
0.873325 0.956648
0.869524 0.953651
0.865791 0.950957
0.862429 0.948857
0.859077 0.947464
0.855095 0.946482
0.850294 0.945582
0.845004 0.944677
0.839659 0.943773
0.834813 0.942904
0.830924 0.942032
0.827695 0.940857
0.82426 0.93907
0.820139 0.936752
0.815716 0.934216
0.811602 0.931603
0.807901 0.928859
0.804267 0.925921
0.800573 0.922858
0.796966 0.919732
0.793404 0.916609
0.789739 0.913536
0.786072 0.910556
0.782445 0.907885
0.778607 0.905673
0.77466 0.903855
0.771137 0.902323
0.768039 0.900771
0.764637 0.898784
0.760486 0.896332
0.756054 0.893744
0.751941 0.891304
0.748092 0.889174
0.744042 0.88743
0.739637 0.886151
0.73497 0.885229
0.730096 0.884363
0.724994 0.883277
0.719826 0.881971
0.715281 0.880788
0.712114 0.880068
0.710168 0.879978
0.708397 0.88072
0.705819 0.882521
0.702574 0.885134
0.699788 0.88796
0.69801 0.891003
0.696785 0.894799
0.695543 0.89951
0.694072 0.904662
0.692358 0.909674
0.690599 0.914047
0.689158 0.917594
0.688183 0.920865
0.68746 0.924781
0.686791 0.92965
0.686235 0.934892
0.685885 0.939963
0.6857 0.944921
0.685587 0.94996
0.685498 0.955023
0.685435 0.960002
0.685399 0.964962
0.68537 0.969989
0.685338 0.975025
0.685307 0.979999
0.685259 0.984941
0.685031 0.98979
0.684111 0.994139
0.681553 0.997352
0.676478 0.99912
0.668916 0.999797
0.659801 0.999967
0.65022 0.999967
0.641158 0.999799
0.63372 0.999128
0.628822 0.997369
0.626424 0.994159
0.625591 0.9898
0.625385 0.98494
0.625344 0.979997
0.62534 0.975031
0.625335 0.970004
0.625315 0.964973
0.625291 0.959997
0.62527 0.955029
0.62524 0.950011
0.625184 0.944979
0.625109 0.939982
0.625019 0.935007
0.624876 0.930005
0.624624 0.924922
0.624237 0.919801
0.623725 0.91491
0.623011 0.910545
0.621885 0.906633
0.620308 0.902813
0.618616 0.898758
0.617229 0.894387
0.616334 0.889828
0.615807 0.885086
0.61542 0.880103
0.615043 0.874974
0.614641 0.869856
0.614186 0.864903
0.613552 0.860231
0.612491 0.85584
0.610802 0.851763
0.6084 0.848044
0.60532 0.844623
0.60183 0.841655
0.598111 0.839362
0.59409 0.83775
0.589776 0.836745
0.585139 0.836161
0.580158 0.835766
0.575041 0.835461
0.569991 0.835241
0.565013 0.835088
0.56003 0.834953
0.555 0.834802
0.549937 0.834642
0.544926 0.834493
0.539999 0.834345
0.535012 0.834166
0.529883 0.833957
0.524823 0.83376
0.519984 0.833597
0.515088 0.833443
0.509919 0.833295
0.504794 0.833193
0.5 0.833159
0.495206 0.833193
0.490081 0.833295
0.484912 0.833443
0.480016 0.833597
0.475177 0.83376
0.470117 0.833957
0.464988 0.834166
0.460001 0.834345
0.455074 0.834493
0.450063 0.834642
0.445 0.834802
0.43997 0.834953
0.434987 0.835088
0.430009 0.835241
0.424959 0.835461
0.419842 0.835766
0.414861 0.836161
0.410224 0.836745
0.40591 0.83775
0.401889 0.839362
0.39817 0.841655
0.39468 0.844623
0.3916 0.848044
0.389198 0.851763
0.387509 0.85584
0.386448 0.860231
0.385814 0.864903
0.385359 0.869856
0.384957 0.874974
0.38458 0.880103
0.384193 0.885086
0.383666 0.889828
0.382771 0.894387
0.381384 0.898758
0.379692 0.902813
0.378115 0.906633
0.376989 0.910545
0.376275 0.91491
0.375763 0.919801
0.375376 0.924922
0.375124 0.930005
0.374981 0.935007
0.374891 0.939982
0.374816 0.944979
0.37476 0.950011
0.37473 0.955029
0.374709 0.959997
0.374685 0.964973
0.374665 0.970004
0.37466 0.975031
0.374656 0.979997
0.374615 0.98494
0.374409 0.9898
0.373576 0.994159
0.371178 0.997369
0.36628 0.999128
0.358842 0.999799
0.34978 0.999967
0.340199 0.999967
0.331084 0.999797
0.323522 0.99912
0.318447 0.997352
0.315889 0.994139
0.314969 0.98979
0.314741 0.984941
0.314693 0.979999
0.314662 0.975025
0.31463 0.969989
0.314601 0.964962
0.314565 0.960002
0.314502 0.955023
0.314413 0.94996
0.3143 0.944921
0.314115 0.939963
0.313765 0.934892
0.313209 0.92965
0.31254 0.924781
0.311817 0.920865
0.310842 0.917594
0.309401 0.914047
0.307642 0.909674
0.305928 0.904662
0.304457 0.89951
0.303215 0.894799
0.30199 0.891003
0.300212 0.88796
0.297426 0.885134
0.294181 0.882521
0.291603 0.88072
0.289832 0.879978
0.287886 0.880068
0.284719 0.880788
0.280174 0.881971
0.275006 0.883277
0.269904 0.884363
0.26503 0.885229
0.260363 0.886151
0.255958 0.88743
0.251908 0.889174
0.248059 0.891304
0.243946 0.893744
0.239514 0.896332
0.235363 0.898784
0.231961 0.900771
0.228863 0.902323
0.22534 0.903855
0.221393 0.905673
0.217555 0.907885
0.213928 0.910556
0.210261 0.913536
0.206596 0.916609
0.203034 0.919732
0.199427 0.922858
0.195733 0.925921
0.192099 0.928859
0.188398 0.931603
0.184284 0.934216
0.179861 0.936752
0.17574 0.93907
0.172305 0.940857
0.169076 0.942032
0.165187 0.942904
0.160341 0.943773
0.154996 0.944677
0.149706 0.945582
0.144905 0.946482
0.140923 0.947464
0.137571 0.948857
0.134209 0.950957
0.130476 0.953651
0.126675 0.956648
0.12313 0.959838
0.119804 0.963205
0.116643 0.966866
0.113739 0.970881
0.11125 0.974794
0.109366 0.97809
0.108006 0.981143
0.106801 0.98481
0.105482 0.989265
0.103798 0.993702
0.101033 0.997107
0.0963644 0.998987
0.0900605 0.99953
0.083826 0.998955
0.0793669 0.997084
0.0769737 0.993837
0.0758249 0.989664
0.0750412 0.985093
0.0741597 0.980397
0.0730124 0.975666
0.0715812 0.971024
0.0700069 0.966738
0.0685091 0.962895
0.0671498 0.959205
0.0657361 0.955313
0.0640403 0.951314
0.061857 0.947596
0.0590485 0.944183
0.0558168 0.940951
0.0524037 0.938143
0.0486859 0.93596
0.0446874 0.934264
0.0407946 0.93285
0.037105 0.931491
0.0332616 0.929993
0.028976 0.928419
0.0243336 0.926988
0.0196031 0.92584
0.0149072 0.924959
0.0103362 0.924175
0.00616294 0.923026
0.00291562 0.920633
0.00104486 0.916174
0.000469962 0.909939
0.00101253 0.903636
0.00289275 0.898967
0.00629754 0.896202
0.0107347 0.894518
0.0151901 0.893199
0.018857 0.891994
0.0219097 0.890634
0.0252057 0.88875
0.0291187 0.886261
0.0331337 0.883357
0.0367955 0.880196
0.0401623 0.87687
0.0433516 0.873325
0.0463489 0.869524
0.0490433 0.865791
0.0511433 0.862429
0.0525356 0.859077
0.0535181 0.855095
0.0544176 0.850294
0.0553233 0.845004
0.0562275 0.839659
0.0570958 0.834813
0.0579685 0.830924
0.0591435 0.827695
0.0609299 0.82426
0.063248 0.820139
0.0657841 0.815716
0.0683973 0.811602
0.0711411 0.807901
0.0740788 0.804267
0.0771417 0.800573
0.0802676 0.796966
0.0833912 0.793404
0.0864641 0.789739
0.0894444 0.786072
0.0921152 0.782445
0.0943269 0.778607
0.0961447 0.77466
0.0976766 0.771137
0.0992294 0.768039
0.101216 0.764637
0.103668 0.760486
0.106256 0.756054
0.108696 0.751941
0.110826 0.748092
0.11257 0.744042
0.113849 0.739637
0.114771 0.73497
0.115637 0.730096
0.116723 0.724994
0.118029 0.719826
0.119212 0.715281
0.119932 0.712114
0.120022 0.710168
0.11928 0.708397
0.117479 0.705819
0.114866 0.702574
0.11204 0.699788
0.108997 0.69801
0.105201 0.696785
0.10049 0.695543
0.0953375 0.694072
0.0903256 0.692358
0.0859534 0.690599
0.0824063 0.689158
0.0791353 0.688183
0.0752195 0.68746
0.0703496 0.686791
0.0651085 0.686235
0.0600365 0.685885
0.0550795 0.6857
0.05004 0.685587
0.0449767 0.685498
0.0399981 0.685435
0.0350381 0.685399
0.0300114 0.68537
0.0249752 0.685338
0.0200006 0.685307
0.0150589 0.685259
0.0102102 0.685031
0.00586105 0.684111
0.00264809 0.681553
0.000880446 0.676478
0.000203269 0.668916
3.30556e-05 0.659801
3.26511e-05 0.65022
0.000200734 0.641158
0.000871854 0.63372
0.00263055 0.628822
0.00584076 0.626424
0.0101997 0.625591
0.0150601 0.625385
0.0200033 0.625344
0.0249692 0.62534
0.0299961 0.625335
0.0350271 0.625315
0.0400031 0.625291
0.0449715 0.62527
0.0499888 0.62524
0.0550212 0.625184
0.0600185 0.625109
0.064993 0.625019
0.069995 0.624876
0.075078 0.624624
0.0801994 0.624237
0.0850899 0.623725
0.0894547 0.623011
0.0933666 0.621885
0.0971871 0.620308
0.101242 0.618616
0.105613 0.617229
0.110172 0.616334
0.114914 0.615807
0.119897 0.61542
0.125026 0.615043
0.130144 0.614641
0.135097 0.614186
0.139769 0.613552
0.14416 0.612491
0.148237 0.610802
0.151956 0.6084
0.155377 0.60532
0.158345 0.60183
0.160638 0.598111
0.16225 0.59409
0.163255 0.589776
0.163839 0.585139
0.164234 0.580158
0.164539 0.575041
0.164759 0.569991
0.164912 0.565013
0.165047 0.56003
0.165198 0.555
0.165358 0.549937
0.165507 0.544926
0.165655 0.539999
0.165834 0.535012
0.166043 0.529883
0.16624 0.524823
0.166403 0.519984
0.166557 0.515088
0.166705 0.509919
0.166807 0.504794
0.166841 0.5
0.166807 0.495206
0.166705 0.490081
0.166557 0.484912
0.166403 0.480016
0.16624 0.475177
0.166043 0.470117
0.165834 0.464988
0.165655 0.460001
0.165507 0.455074
0.165358 0.450063
0.165198 0.445
0.165047 0.43997
0.164912 0.434987
0.164759 0.430009
0.164539 0.424959
0.164234 0.419842
0.163839 0.414861
0.163255 0.410224
0.16225 0.40591
0.160638 0.401889
0.158345 0.39817
0.155377 0.39468
0.151956 0.3916
0.148237 0.389198
0.14416 0.387509
0.139769 0.386448
0.135097 0.385814
0.130144 0.385359
0.125026 0.384957
0.119897 0.38458
0.114914 0.384193
0.110172 0.383666
0.105613 0.382771
0.101242 0.381384
0.0971871 0.379692
0.0933666 0.378115
0.0894547 0.376989
0.0850899 0.376275
0.0801994 0.375763
0.075078 0.375376
0.069995 0.375124
0.064993 0.374981
0.0600185 0.374891
0.0550212 0.374816
0.0499888 0.37476
0.0449715 0.37473
0.0400031 0.374709
0.0350271 0.374685
0.0299961 0.374665
0.0249692 0.37466
0.0200033 0.374656
0.0150601 0.374615
0.0101997 0.374409
0.00584076 0.373576
0.00263055 0.371178
0.000871854 0.36628
0.000200734 0.358842
3.26511e-05 0.34978
3.30556e-05 0.340199
0.000203269 0.331084
0.000880446 0.323522
0.00264809 0.318447
0.00586105 0.315889
0.0102102 0.314969
0.0150589 0.314741
0.0200006 0.314693
0.0249752 0.314662
0.0300114 0.31463
0.0350381 0.314601
0.0399981 0.314565
0.0449767 0.314502
0.05004 0.314413
0.0550795 0.3143
0.0600365 0.314115
0.0651085 0.313765
0.0703496 0.313209
0.0752195 0.31254
0.0791353 0.311817
0.0824063 0.310842
0.0859534 0.309401
0.0903256 0.307642
0.0953375 0.305928
0.10049 0.304457
0.105201 0.303215
0.108997 0.30199
0.11204 0.300212
0.114866 0.297426
0.117479 0.294181
0.11928 0.291603
0.120022 0.289832
0.119932 0.287886
0.119212 0.284719
0.118029 0.280174
0.116723 0.275006
0.115637 0.269904
0.114771 0.26503
0.113849 0.260363
0.11257 0.255958
0.110826 0.251908
0.108696 0.248059
0.106256 0.243946
0.103668 0.239514
0.101216 0.235363
0.0992294 0.231961
0.0976766 0.228863
0.0961447 0.22534
0.0943269 0.221393
0.0921152 0.217555
0.0894444 0.213928
0.0864641 0.210261
0.0833912 0.206596
0.0802676 0.203034
0.0771417 0.199427
0.0740788 0.195733
0.0711411 0.192099
0.0683973 0.188398
0.0657841 0.184284
0.063248 0.179861
0.0609299 0.17574
0.0591435 0.172305
0.0579685 0.169076
0.0570958 0.165187
0.0562275 0.160341
0.0553233 0.154996
0.0544176 0.149706
0.0535181 0.144905
0.0525356 0.140923
0.0511433 0.137571
0.0490433 0.134209
0.0463489 0.130476
0.0433516 0.126675
0.0401623 0.12313
0.0367955 0.119804
0.0331337 0.116643
0.0291187 0.113739
0.0252057 0.11125
0.0219097 0.109366
0.018857 0.108006
0.0151901 0.106801
0.0107347 0.105482
0.00629754 0.103798
0.00289275 0.101033
0.00101253 0.0963644
0.000469962 0.0900605
0.00104486 0.083826
0.00291562 0.0793669
0.00616294 0.0769737
0.0103362 0.0758249
0.0149072 0.0750412
0.0196031 0.0741597
0.0243336 0.0730124
0.028976 0.0715812
0.0332616 0.0700069
0.037105 0.0685091
0.0407946 0.0671498
0.0446874 0.0657361
0.0486859 0.0640403
0.0524037 0.061857
0.0558168 0.0590485
0.0590485 0.0558168
0.061857 0.0524037
0.0640403 0.0486859
0.0657361 0.0446874
0.0671498 0.0407946
0.0685091 0.037105
0.0700069 0.0332616
0.0715812 0.028976
0.0730124 0.0243336
0.0741597 0.0196031
0.0750412 0.0149072
0.0758249 0.0103362
0.0769737 0.00616294
0.0793669 0.00291562
0.083826 0.00104486
0.0900605 0.000469962
0.0963644 0.00101253
0.101033 0.00289275
0.103798 0.00629754
0.105482 0.0107347
0.106801 0.0151901
0.108006 0.018857
0.109366 0.0219097
0.11125 0.0252057
0.113739 0.0291187
0.116643 0.0331337
0.119804 0.0367955
0.12313 0.0401623
0.126675 0.0433516
0.130476 0.0463489
0.134209 0.0490433
0.137571 0.0511433
0.140923 0.0525356
0.144905 0.0535181
0.149706 0.0544176
0.154996 0.0553233
0.160341 0.0562275
0.165187 0.0570958
0.169076 0.0579685
0.172305 0.0591435
0.17574 0.0609299
0.179861 0.063248
0.184284 0.0657841
0.188398 0.0683973
0.192099 0.0711411
0.195733 0.0740788
0.199427 0.0771417
0.203034 0.0802676
0.206596 0.0833912
0.210261 0.0864641
0.213928 0.0894444
0.217555 0.0921152
0.221393 0.0943269
0.22534 0.0961447
0.228863 0.0976766
0.231961 0.0992294
0.235363 0.101216
0.239514 0.103668
0.243946 0.106256
0.248059 0.108696
0.251908 0.110826
0.255958 0.11257
0.260363 0.113849
0.26503 0.114771
0.269904 0.115637
0.275006 0.116723
0.280174 0.118029
0.284719 0.119212
0.287886 0.119932
0.289832 0.120022
0.291603 0.11928
0.294181 0.117479
0.297426 0.114866
0.300212 0.11204
0.30199 0.108997
0.303215 0.105201
0.304457 0.10049
0.305928 0.0953375
0.307642 0.0903256
0.309401 0.0859534
0.310842 0.0824063
0.311817 0.0791353
0.31254 0.0752195
0.313209 0.0703496
0.313765 0.0651085
0.314115 0.0600365
0.3143 0.0550795
0.314413 0.05004
0.314502 0.0449767
0.314565 0.0399981
0.314601 0.0350381
0.31463 0.0300114
0.314662 0.0249752
0.314693 0.0200006
0.314741 0.0150589
0.314969 0.0102102
0.315889 0.00586105
0.318447 0.00264809
0.323522 0.000880446
0.331084 0.000203269
0.340199 3.30556e-05
0.34978 3.26511e-05
0.358842 0.000200734
0.36628 0.000871854
0.371178 0.00263055
0.373576 0.00584076
0.374409 0.0101997
0.374615 0.0150601
0.374656 0.0200033
0.37466 0.0249692
0.374665 0.0299961
0.374685 0.0350271
0.374709 0.0400031
0.37473 0.0449715
0.37476 0.0499888
0.374816 0.0550212
0.374891 0.0600185
0.374981 0.064993
0.375124 0.069995
0.375376 0.075078
0.375763 0.0801994
0.376275 0.0850899
0.376989 0.0894547
0.378115 0.0933666
0.379692 0.0971871
0.381384 0.101242
0.382771 0.105613
0.383666 0.110172
0.384193 0.114914
0.38458 0.119897
0.384957 0.125026
0.385359 0.130144
0.385814 0.135097
0.386448 0.139769
0.387509 0.14416
0.389198 0.148237
0.3916 0.151956
0.39468 0.155377
0.39817 0.158345
0.401889 0.160638
0.40591 0.16225
0.410224 0.163255
0.414861 0.163839
0.419842 0.164234
0.424959 0.164539
0.430009 0.164759
0.434987 0.164912
0.43997 0.165047
0.445 0.165198
0.450063 0.165358
0.455074 0.165507
0.460001 0.165655
0.464988 0.165834
0.470117 0.166043
0.475177 0.16624
0.480016 0.166403
0.484912 0.166557
0.490081 0.166705
0.495206 0.166807
0.5 0.166841
0.504794 0.166807
0.509919 0.166705
0.515088 0.166557
0.519984 0.166403
0.524823 0.16624
0.529883 0.166043
0.535012 0.165834
0.539999 0.165655
0.544926 0.165507
0.549937 0.165358
0.555 0.165198
0.56003 0.165047
0.565013 0.164912
0.569991 0.164759
0.575041 0.164539
0.580158 0.164234
0.585139 0.163839
0.589776 0.163255
0.59409 0.16225
0.598111 0.160638
0.60183 0.158345
0.60532 0.155377
0.6084 0.151956
0.610802 0.148237
0.612491 0.14416
0.613552 0.139769
0.614186 0.135097
0.614641 0.130144
0.615043 0.125026
0.61542 0.119897
0.615807 0.114914
0.616334 0.110172
0.617229 0.105613
0.618616 0.101242
0.620308 0.0971871
0.621885 0.0933666
0.623011 0.0894547
0.623725 0.0850899
0.624237 0.0801994
0.624624 0.075078
0.624876 0.069995
0.625019 0.064993
0.625109 0.0600185
0.625184 0.0550212
0.62524 0.0499888
0.62527 0.0449715
0.625291 0.0400031
0.625315 0.0350271
0.625335 0.0299961
0.62534 0.0249692
0.625344 0.0200033
0.625385 0.0150601
0.625591 0.0101997
0.626424 0.00584076
0.628822 0.00263055
0.63372 0.000871854
0.641158 0.000200734
0.65022 3.26511e-05
0.659801 3.30556e-05
0.668916 0.000203269
0.676478 0.000880446
0.681553 0.00264809
0.684111 0.00586105
0.685031 0.0102102
0.685259 0.0150589
0.685307 0.0200006
0.685338 0.0249752
0.68537 0.0300114
0.685399 0.0350381
0.685435 0.0399981
0.685498 0.0449767
0.685587 0.05004
0.6857 0.0550795
0.685885 0.0600365
0.686235 0.0651085
0.686791 0.0703496
0.68746 0.0752195
0.688183 0.0791353
0.689158 0.0824063
0.690599 0.0859534
0.692358 0.0903256
0.694072 0.0953375
0.695543 0.10049
0.696785 0.105201
0.69801 0.108997
0.699788 0.11204
0.702574 0.114866
0.705819 0.117479
0.708397 0.11928
0.710168 0.120022
0.712114 0.119932
0.715281 0.119212
0.719826 0.118029
0.724994 0.116723
0.730096 0.115637
0.73497 0.114771
0.739637 0.113849
0.744042 0.11257
0.748092 0.110826
0.751941 0.108696
0.756054 0.106256
0.760486 0.103668
0.764637 0.101216
0.768039 0.0992294
0.771137 0.0976766
0.77466 0.0961447
0.778607 0.0943269
0.782445 0.0921152
0.786072 0.0894444
0.789739 0.0864641
0.793404 0.0833912
0.796966 0.0802676
0.800573 0.0771417
0.804267 0.0740788
0.807901 0.0711411
0.811602 0.0683973
0.815716 0.0657841
0.820139 0.063248
0.82426 0.0609299
0.827695 0.0591435
0.830924 0.0579685
0.834813 0.0570958
0.839659 0.0562275
0.845004 0.0553233
0.850294 0.0544176
0.855095 0.0535181
0.859077 0.0525356
0.862429 0.0511433
0.865791 0.0490433
0.869524 0.0463489
0.873325 0.0433516
0.87687 0.0401623
0.880196 0.0367955
0.883357 0.0331337
0.886261 0.0291187
0.88875 0.0252057
0.890634 0.0219097
0.891994 0.018857
0.893199 0.0151901
0.894518 0.0107347
0.896202 0.00629754
0.898967 0.00289275
0.903636 0.00101253
0.909939 0.000469962
0.916174 0.00104486
0.920633 0.00291562
0.923026 0.00616294
0.924175 0.0103362
0.924959 0.0149072
0.92584 0.0196031
0.926988 0.0243336
0.928419 0.028976
0.929993 0.0332616
0.931491 0.037105
0.93285 0.0407946
0.934264 0.0446874
0.93596 0.0486859
0.938143 0.0524037
0.940951 0.0558168
0.944183 0.0590485
0.947596 0.061857
0.951314 0.0640403
0.955313 0.0657361
0.959205 0.0671498
0.962895 0.0685091
0.966738 0.0700069
0.971024 0.0715812
0.975666 0.0730124
0.980397 0.0741597
0.985093 0.0750412
0.989664 0.0758249
0.993837 0.0769737
0.997084 0.0793669
0.998955 0.083826
0.99953 0.0900605
0.998987 0.0963644
0.997107 0.101033
0.993702 0.103798
0.989265 0.105482
0.98481 0.106801
0.981143 0.108006
0.97809 0.109366
0.974794 0.11125
0.970881 0.113739
0.966866 0.116643
0.963205 0.119804
0.959838 0.12313
0.956648 0.126675
0.953651 0.130476
0.950957 0.134209
0.948857 0.137571
0.947464 0.140923
0.946482 0.144905
0.945582 0.149706
0.944677 0.154996
0.943773 0.160341
0.942904 0.165187
0.942032 0.169076
0.940857 0.172305
0.93907 0.17574
0.936752 0.179861
0.934216 0.184284
0.931603 0.188398
0.928859 0.192099
0.925921 0.195733
0.922858 0.199427
0.919732 0.203034
0.916609 0.206596
0.913536 0.210261
0.910556 0.213928
0.907885 0.217555
0.905673 0.221393
0.903855 0.22534
0.902323 0.228863
0.900771 0.231961
0.898784 0.235363
0.896332 0.239514
0.893744 0.243946
0.891304 0.248059
0.889174 0.251908
0.88743 0.255958
0.886151 0.260363
0.885229 0.26503
0.884363 0.269904
0.883277 0.275006
0.881971 0.280174
0.880788 0.284719
0.880068 0.287886
0.879978 0.289832
0.88072 0.291603
0.882521 0.294181
0.885134 0.297426
0.88796 0.300212
0.891003 0.30199
0.894799 0.303215
0.89951 0.304457
0.904662 0.305928
0.909674 0.307642
0.914047 0.309401
0.917594 0.310842
0.920865 0.311817
0.924781 0.31254
0.92965 0.313209
0.934892 0.313765
0.939963 0.314115
0.944921 0.3143
0.94996 0.314413
0.955023 0.314502
0.960002 0.314565
0.964962 0.314601
0.969989 0.31463
0.975025 0.314662
0.979999 0.314693
0.984941 0.314741
0.98979 0.314969
0.994139 0.315889
0.997352 0.318447
0.99912 0.323522
0.999797 0.331084
0.999967 0.340199
0.999967 0.34978
0.999799 0.358842
0.999128 0.36628
0.997369 0.371178
0.994159 0.373576
0.9898 0.374409
0.98494 0.374615
0.979997 0.374656
0.975031 0.37466
0.970004 0.374665
0.964973 0.374685
0.959997 0.374709
0.955029 0.37473
0.950011 0.37476
0.944979 0.374816
0.939982 0.374891
0.935007 0.374981
0.930005 0.375124
0.924922 0.375376
0.919801 0.375763
0.91491 0.376275
0.910545 0.376989
0.906633 0.378115
0.902813 0.379692
0.898758 0.381384
0.894387 0.382771
0.889828 0.383666
0.885086 0.384193
0.880103 0.38458
0.874974 0.384957
0.869856 0.385359
0.864903 0.385814
0.860231 0.386448
0.85584 0.387509
0.851763 0.389198
0.848044 0.3916
0.844623 0.39468
0.841655 0.39817
0.839362 0.401889
0.83775 0.40591
0.836745 0.410224
0.836161 0.414861
0.835766 0.419842
0.835461 0.424959
0.835241 0.430009
0.835088 0.434987
0.834953 0.43997
0.834802 0.445
0.834642 0.450063
0.834493 0.455074
0.834345 0.460001
0.834166 0.464988
0.833957 0.470117
0.83376 0.475177
0.833597 0.480016
0.833443 0.484912
0.833295 0.490081
0.833193 0.495206
0.833159 0.5
0.833193 0.504794
0.833295 0.509919
0.833443 0.515088
0.833597 0.519984
0.83376 0.524823
0.833957 0.529883
0.834166 0.535012
0.834345 0.539999
0.834493 0.544926
0.834642 0.549937
0.834802 0.555
0.834953 0.56003
0.835088 0.565013
0.835241 0.569991
0.835461 0.575041
0.835766 0.580158
0.836161 0.585139
0.836745 0.589776
0.83775 0.59409
0.839362 0.598111
0.841655 0.60183
0.844623 0.60532
0.848044 0.6084
0.851763 0.610802
0.85584 0.612491
0.860231 0.613552
0.864903 0.614186
0.869856 0.614641
0.874974 0.615043
0.880103 0.61542
0.885086 0.615807
0.889828 0.616334
0.894387 0.617229
0.898758 0.618616
0.902813 0.620308
0.906633 0.621885
0.910545 0.623011
0.91491 0.623725
0.919801 0.624237
0.924922 0.624624
0.930005 0.624876
0.935007 0.625019
0.939982 0.625109
0.944979 0.625184
0.950011 0.62524
0.955029 0.62527
0.959997 0.625291
0.964973 0.625315
0.970004 0.625335
0.975031 0.62534
0.979997 0.625344
0.98494 0.625385
0.9898 0.625591
0.994159 0.626424
0.997369 0.628822
0.999128 0.63372
0.999799 0.641158
0.999967 0.65022
0.999967 0.659801
0.999797 0.668916
0.99912 0.676478
0.997352 0.681553
0.994139 0.684111
0.98979 0.685031
0.984941 0.685259
0.979999 0.685307
0.975025 0.685338
0.969989 0.68537
0.964962 0.685399
0.960002 0.685435
0.955023 0.685498
0.94996 0.685587
0.944921 0.6857
0.939963 0.685885
0.934892 0.686235
0.92965 0.686791
0.924781 0.68746
0.920865 0.688183
0.917594 0.689158
0.914047 0.690599
0.909674 0.692358
0.904662 0.694072
0.89951 0.695543
0.894799 0.696785
0.891003 0.69801
0.88796 0.699788
0.885134 0.702574
0.882521 0.705819
0.88072 0.708397
0.879978 0.710168
0.880068 0.712114
0.880788 0.715281
0.881971 0.719826
0.883277 0.724994
0.884363 0.730096
0.885229 0.73497
0.886151 0.739637
0.88743 0.744042
0.889174 0.748092
0.891304 0.751941
0.893744 0.756054
0.896332 0.760486
0.898784 0.764637
0.900771 0.768039
0.902323 0.771137
0.903855 0.77466
0.905673 0.778607
0.907885 0.782445
0.910556 0.786072
0.913536 0.789739
0.916609 0.793404
0.919732 0.796966
0.922858 0.800573
0.925921 0.804267
0.928859 0.807901
0.931603 0.811602
0.934216 0.815716
0.936752 0.820139
0.93907 0.82426
0.940857 0.827695
0.942032 0.830924
0.942904 0.834813
0.943773 0.839659
0.944677 0.845004
0.945582 0.850294
0.946482 0.855095
0.947464 0.859077
0.948857 0.862429
0.950957 0.865791
0.953651 0.869524
0.956648 0.873325
0.959838 0.87687
0.963205 0.880196
0.966866 0.883357
0.970881 0.886261
0.974794 0.88875
0.97809 0.890634
0.981143 0.891994
0.98481 0.893199
0.989265 0.894518
0.993702 0.896202
0.997107 0.898967
0.998987 0.903636
0.99953 0.909939
0.998955 0.916174
0.997084 0.920633
0.993837 0.923026
0.989664 0.924175
0.985093 0.924959
0.980397 0.92584
0.975666 0.926988
0.971024 0.928419
0.966738 0.929993
0.962895 0.931491
0.959205 0.93285
0.955313 0.934264
0.951314 0.93596
0.947596 0.938143
0.944183 0.940951
0.940951 0.944183
0.938143 0.947596
0.93596 0.951314
0.934264 0.955313
0.93285 0.959205
0.931491 0.962895
0.929993 0.966738
0.928419 0.971024
0.926988 0.975666
0.92584 0.980397
0.924959 0.985093
0.924175 0.989664
0.923026 0.993837
0.920633 0.997084
0.916174 0.998955
